                  Annual mean Land-Ocean Temperature Index in 0.01 degrees Celsius
                                      selected zonal means
                                      --------------------
                    sources:  GHCN-v4 1880-04/2022 + SST: ERSST v5 1880-04/2022
                    using elimination of outliers and homogeneity adjustment
                         Note: ***** = missing - base period: 1951-1980

                           24N   24S   90S     64N   44N   24N   EQU   24S   44S   64S   90S
Year  Glob  NHem  SHem    -90N  -24N  -24S    -90N  -64N  -44N  -24N  -EQU  -24S  -44S  -64S Year
1880   -17   -30    -4     -39   -13    -1     -78   -50   -30   -16    -9    -3     5    65 1880
1881    -8   -19     1     -36    10    -6     -89   -45   -22     9    12    -4    -7    57 1881
1882   -11   -22     0     -32    -5     2    -139   -27   -17    -6    -4     2     4    61 1882
1883   -18   -29    -6     -36   -17    -1     -17   -55   -29   -19   -14    -3     7    48 1883
1884   -29   -44   -14     -61   -15   -14    -128   -63   -49   -15   -15   -19    -2    63 1884
1885   -33   -44   -24     -66   -13   -27    -149   -68   -47    -8   -19   -33   -15    80 1885
1886   -31   -44   -20     -57   -20   -21    -157   -49   -42   -22   -17   -20   -21    57 1886
1887   -36   -44   -28     -53   -30   -28    -174   -50   -31   -30   -29   -27   -26    30 1887
1888   -18   -24   -12     -42    10   -29    -128   -42   -27     6    13   -31   -23    14 1888
1889   -11   -18    -3     -30     8   -16     -66   -22   -29     1    15   -15   -15    43 1889
1890   -35   -39   -32     -46   -37   -22    -111   -55   -28   -28   -46   -17   -27    13 1890
1891   -22   -26   -19     -43    -7   -21    -110   -33   -38     0   -15   -18   -24   -18 1891
1892   -27   -40   -15     -44   -29    -8    -113   -65   -19   -33   -25     2   -21     7 1892
1893   -32   -48   -15     -52   -37    -5     -67   -55   -48   -42   -31     7   -20    -6 1893
1894   -32   -40   -24     -33   -37   -24     -93   -32   -20   -50   -23   -14   -35   -40 1894
1895   -24   -31   -16     -41    -9   -26     -65   -52   -28   -16    -2   -19   -32   -60 1895
1896   -11   -20    -3     -35    10   -15     -86   -36   -24     5    15   -14   -13    23 1896
1897   -11   -17    -5     -36    17   -23     -54   -46   -26    13    21   -18   -27    38 1897
1898   -27   -29   -26     -36   -22   -26    -114   -23   -25   -19   -25   -27   -21    36 1898
1899   -18   -22   -14     -25   -13   -18    -102   -10   -17   -17    -8   -15   -22    56 1899
1900    -8    -9    -6     -21    17   -30     -53   -15   -17     8    26   -28   -29    25 1900

                           24N   24S   90S     64N   44N   24N   EQU   24S   44S   64S   90S
Year  Glob  NHem  SHem    -90N  -24N  -24S    -90N  -64N  -44N  -24N  -EQU  -24S  -44S  -64S Year
1901   -16   -13   -18     -16    -4   -30     -39   -10   -16    -7    -2   -27   -34    24 1901
1902   -28   -34   -22     -53    -4   -35    -137   -50   -34    -3    -5   -27   -43    -7 1902
1903   -37   -38   -36     -47   -28   -38     -26   -42   -57   -24   -32   -35   -40   -49 1903
1904   -47   -48   -45     -51   -46   -44     -15   -59   -56   -44   -47   -36   -49  -132 1904
1905   -26   -29   -22     -41    -8   -35      -2   -22   -63   -12    -3   -32   -37   -34 1905
1906   -22   -24   -20     -26   -18   -23     -24    -6   -40   -22   -15   -20   -22   -71 1906
1907   -38   -48   -29     -59   -30   -29     -55   -72   -53   -31   -28   -20   -37  -120 1907
1908   -42   -46   -39     -48   -43   -35     -21   -55   -52   -43   -43   -28   -48    67 1908
1909   -48   -50   -46     -54   -47   -44     -73   -63   -45   -45   -49   -37   -52   -57 1909
1910   -43   -45   -42     -42   -48   -38     -57   -24   -50   -49   -47   -33   -45    16 1910
1911   -44   -43   -45     -43   -42   -48     -29   -42   -48   -43   -41   -43   -53     5 1911
1912   -36   -47   -24     -60   -18   -36     -52   -79   -51   -28    -7   -36   -29  -163 1912
1913   -34   -43   -25     -44   -27   -35     -48   -33   -51   -40   -12   -28   -40  -104 1913
1914   -15   -20   -10     -25    -6   -17     -34   -16   -29   -13     1   -15   -18   -37 1914
1915   -14   -15   -12     -24     0   -22     -59   -17   -19    -2     1   -14   -23  -198 1915
1916   -36   -42   -30     -37   -44   -23     -46   -54   -25   -50   -38   -22   -17  -105 1916
1917   -46   -58   -35     -50   -63   -19     -80   -50   -44   -69   -56   -22    -9     6 1917
1918   -30   -40   -19     -41   -33   -13     -99   -27   -36   -39   -27    -5   -23   -28 1918
1919   -28   -35   -20     -44   -20   -22     -69   -56   -31   -23   -16   -14   -32    20 1919
1920   -27   -31   -23     -26   -25   -32       1   -20   -36   -38   -12   -18   -48  -114 1920

                           24N   24S   90S     64N   44N   24N   EQU   24S   44S   64S   90S
Year  Glob  NHem  SHem    -90N  -24N  -24S    -90N  -64N  -44N  -24N  -EQU  -24S  -44S  -64S Year
1921   -19   -12   -26       1   -25   -30       0    17   -10   -30   -20   -22   -38   -84 1921
1922   -29   -28   -29     -25   -32   -27     -31   -41   -15   -33   -32   -23   -28   -28 1922
1923   -27   -22   -31     -16   -30   -33      18   -15   -26   -33   -27   -26   -41   -55 1923
1924   -27   -19   -35     -13   -26   -43      47   -25   -23   -27   -25   -39   -45   -53 1924
1925   -22   -14   -30      -5   -24   -37      -9    18   -19   -28   -20   -24   -55   -86 1925
1926   -11     1   -21       2     1   -40      55    15   -22     0     2   -34   -45   -64 1926
1927   -22   -14   -29     -14   -16   -38       2   -22   -13   -14   -17   -30   -45  -138 1927
1928   -20   -10   -29      -7   -15   -39      70   -17   -23   -14   -16   -28   -48  -212 1928
1929   -36   -34   -38     -38   -28   -45      14   -62   -39   -28   -29   -42   -44  -108 1929
1930   -16    -2   -29       4   -11   -42      53     4   -11    -9   -12   -33   -47  -260 1930
1931   -10     4   -22       0     8   -43      55    -4   -15    10     5   -42   -40   -41 1931
1932   -16    -6   -26       3   -16   -35      48    19   -22   -19   -14   -21   -53   -99 1932
1933   -29   -26   -32     -25   -28   -34     -17   -47   -13   -28   -28   -21   -49  -115 1933
1934   -13    -1   -25      17   -24   -26      87    30   -14   -26   -23   -15   -38   -57 1934
1935   -20   -10   -30      -5   -18   -38      34    -5   -17   -17   -20   -30   -42  -172 1935
1936   -15    -4   -26      -3   -12   -30      39    10   -26    -5   -20   -26   -33    -4 1936
1937    -3    12   -17      19    -5   -22     123     2    -3     1   -11   -19   -26    36 1937
1938     0    16   -18      39   -22   -10     150    39     3   -17   -27    -6   -11   -87 1938
1939    -1     9   -12      22   -11   -12      56    28     8   -10   -12    -4   -19  -160 1939
1940    13    18    10      11    29    -7      99    -2    -9    28    30     3   -20    -6 1940

                           24N   24S   90S     64N   44N   24N   EQU   24S   44S   64S   90S
Year  Glob  NHem  SHem    -90N  -24N  -24S    -90N  -64N  -44N  -24N  -EQU  -24S  -44S  -64S Year
1941    19    23    17       1    50    -5       0   -10     8    55    45     3   -15   -47 1941
1942     7    13     1      13     8    -1      72    -6     6    12     4     5    -5   -90 1942
1943     9    18    -1      37    -8     4     141    28    11   -10    -6     7    -1   114 1943
1944    21    27    15      38    19     5     118    47     9    11    28    19   -10   -94 1944
1945     9    11     9      11    18    -3      63    -2     4    10    25     4     0  -177 1945
1946    -7     3   -17       6    -4   -24      -3    -5    16    -2    -6   -22   -24   -17 1946
1947    -3     8   -13      15    -6   -16     106   -13     4    -3    -9   -19    -8   -21 1947
1948   -11    -2   -20      13   -18   -24      11    32     1   -22   -14   -19   -19  -137 1948
1949   -11    -3   -19      11   -19   -23      21    17     5   -23   -14   -17   -15  -197 1949
1950   -17   -15   -21      -5   -29   -14      19   -31     4   -30   -28    -6   -16   -86 1950
1951    -7     5   -18       8    -6   -23       8     1    12     0   -11   -22   -16   -70 1951
1952     1     6    -3      11     2    -9      27    -9    19    -1     5   -10    -2   -50 1952
1953     8    24    -7      35     8   -18     102    35    14     8     7    -8   -24  -110 1953
1954   -13    -1   -25       7   -21   -22      80   -21     0   -14   -29   -17   -20   -81 1954
1955   -14    -9   -20       4   -34    -6     -24   -11    23   -29   -38   -16    -8   122 1955
1956   -19   -23   -16     -20   -33     0       1   -47    -9   -28   -38   -14     2    76 1956
1957     5     4     6       3     8     2       9    22   -11     5    10    -9    -2    49 1957
1958     6    15    -3       8    20   -15     -16    15    12    26    15    -9    -8   -53 1958
1959     3    12    -6      16     7   -16      49    18     4     7     8    -3   -26   -36 1959
1960    -3     8   -13       9     2   -20      34    -7    11     6    -3   -10    -7   -75 1960

                           24N   24S   90S     64N   44N   24N   EQU   24S   44S   64S   90S
Year  Glob  NHem  SHem    -90N  -24N  -24S    -90N  -64N  -44N  -24N  -EQU  -24S  -44S  -64S Year
1961     6     9     3      19    -3     5     -15    38    18    -7     0    14   -17    21 1961
1962     3    13    -7      25    -5    -8      45    31    14    -5    -5     9    -7   -65 1962
1963     5    14    -3      14    12   -12     -16    31    13    14    10   -10   -17    -3 1963
1964   -20   -19   -20     -23   -14   -24     -67   -20   -11   -14   -14   -30    -7   -38 1964
1965   -11   -14    -7     -18    -3   -13     -28   -24   -12    -8     2   -23    -3    -1 1965
1966    -6    -2    -9     -14     8   -15     -76   -19     9    16    -1   -24   -13    11 1966
1967    -2     3    -8      12   -14    -1      36    26    -5   -11   -17    -9    -2    30 1967
1968    -8    -7    -9     -11    -7    -8     -33    -2    -9    -2   -11   -14     0    -6 1968
1969     5    -3    14     -29    33     2      -4   -61   -17    35    32     0    13   -14 1969
1970     2    -4     9     -11     6    11     -22   -13    -7     6     6    11     3    31 1970
1971    -8   -15    -2      -6   -26    13      -8     1   -10   -30   -22     3    16    44 1971
1972     1   -18    20     -34    16    14     -37   -47   -25     7    26    16    -2    45 1972
1973    16     9    23      10    18    18       7    27     1     8    29    22     8    34 1973
1974    -7   -18     3     -15   -20    18     -19    -7   -18   -23   -17    21    -8    65 1974
1975    -1    -6     2      12   -24    16       9    39    -5   -31   -17    13    14    29 1975
1976   -10   -21     1     -26   -11     9      -8   -32   -28   -13   -10    10    22   -24 1976
1977    18    12    24      13    16    25      16    24     6     9    22    22    31    28 1977
1978     7     2    12      -4     8    16     -16     3    -4    10     5    21    13     4 1978
1979    16     8    25      -3    26    23     -60     6     9    25    27    29    33   -21 1979
1980    26    17    35       6    31    39      25     2     2    33    29    35    37    59 1980

                           24N   24S   90S     64N   44N   24N   EQU   24S   44S   64S   90S
Year  Glob  NHem  SHem    -90N  -24N  -24S    -90N  -64N  -44N  -24N  -EQU  -24S  -44S  -64S Year
1981    32    37    27      48    18    36     109    78     8    22    15    28    38    60 1981
1982    14     5    23      -8    27    18     -40     9    -8    25    29    18    32   -11 1982
1983    31    25    38      22    43    24      19    69    -7    29    58    21    41     4 1983
1984    15     4    27       2    18    26      36     8   -13     7    29    16    32    52 1984
1985    12     0    24      -3     9    30      38   -26    -1     4    14    30    44     3 1985
1986    18    13    23      10    22    19       0    28     3    17    28    25    25   -11 1986
1987    32    24    41       4    58    25     -36    13    12    54    62    32    25     1 1987
1988    39    37    40      40    37    39      59    57    24    32    43    38    20    87 1988
1989    27    26    28      40    13    34      32    69    25     6    19    36    30    35 1989
1990    45    52    37      63    37    37      58    88    49    37    37    37    37    36 1990
1991    40    41    40      47    36    39      74    66    26    32    41    31    29    95 1991
1992    22    13    31       9    28    27     -17    44    -4    19    37    20    33    38 1992
1993    23    19    28      12    32    22      54    29   -11    28    36    27    39   -30 1993
1994    31    37    26      43    31    20      34    50    42    27    34    26    23    -5 1994
1995    44    57    32      69    42    22     130    98    32    40    45    29    15    14 1995
1996    32    26    39      23    31    43      76    17    10    30    32    33    28   119 1996
1997    46    51    41      53    51    33      76    90    22    49    52    42    36    -4 1997
1998    61    70    51      78    69    32      86    94    65    59    79    39    31    11 1998
1999    38    48    28      70    20    30      40    80    74    15    25    46    19     0 1999
2000    39    49    28      70    24    28      96    80    55    20    28    42    10    23 2000

                           24N   24S   90S     64N   44N   24N   EQU   24S   44S   64S   90S
Year  Glob  NHem  SHem    -90N  -24N  -24S    -90N  -64N  -44N  -24N  -EQU  -24S  -44S  -64S Year
2001    53    64    43      80    42    42     105    86    68    39    44    58    24    26 2001
2002    62    71    54      82    59    47     124   100    58    54    63    49    32    76 2002
2003    61    74    49      84    63    37     148    98    54    60    66    44    24    39 2003
2004    53    65    41      72    54    32      45    95    66    55    53    48    23    -2 2004
2005    67    85    50     101    61    42     197   122    57    61    61    49    18    67 2005
2006    63    81    46      98    55    40     172   106    69    56    53    51    19    45 2006
2007    66    85    47     112    45    47     210   132    69    44    47    49     7   124 2007
2008    54    67    40      91    36    39     152   107    61    32    41    52     9    61 2008
2009    65    72    59      77    67    51     140    60    68    64    69    60    15    96 2009
2010    72    89    54     102    67    47     220    86    74    71    64    63    20    49 2010
2011    60    74    46      98    36    55     233    94    58    38    34    64    18   106 2011
2012    64    81    48     104    51    42     220    93    73    47    56    56    19    40 2012
2013    67    79    55      94    57    54     153   104    69    57    57    62    22    88 2013
2014    74    91    57     107    66    52     202   114    73    68    64    72    18    56 2014
2015    89   117    62     131    95    40     198   148    99    97    93    75    18   -33 2015
2016   101   130    73     154   100    49     324   143   107    95   106    67    25    41 2016
2017    92   117    66     139    81    59     251   138   103    86    76    76    35    54 2017
2018    84   103    66     124    67    68     213   109   105    72    61    80    37    95 2018
2019    97   120    74     141    89    64     269   143    99    90    88    74    39    81 2019
2020   101   135    68     167    85    57     289   182   119    88    83    58    39    90 2020

                           24N   24S   90S     64N   44N   24N   EQU   24S   44S   64S   90S
Year  Glob  NHem  SHem    -90N  -24N  -24S    -90N  -64N  -44N  -24N  -EQU  -24S  -44S  -64S Year
2021    84   113    55     142    65    53     201   135   126    72    58    72    32    32 2021
Year  Glob  NHem  SHem     24N   24S   90S     64N   44N   24N   EQU   24S   44S   64S   90S Year
                          -90N  -24N  -24S    -90N  -64N  -44N  -24N  -EQU  -24S  -44S  -64S